7488
5081
966
2616
1558
3222
1633
7083
8527
474
4880
4380
5454
16
4981
9587
9919
1875
678
5321
9959
2945
5440
7342
1544
3537
8139
6647
4531
222
4392
8402
4264
4159
5958
9223
9369
2613
7700
5933
7310
8288
4209
981
5489
3342
2496
8599
5961
833
9192
7304
7476
3996
3879
4453
5676
6442
4214
7518
8797
3499
1575
6194
4909
2651
4299
2866
9801
4417
1168
6485
1073
5569
6647
776
58
478
7060
9711
402
9232
351
8237
1568
5021
9080
556
3688
3432
1751
5945
2798
1059
2209
3487
6003
2305
4743
9102
4267
2141
6120
9927
8191
9344
7590
4296
6909
1107
3526
4623
4573
4146
9777
1164
7263
7129
6968
2599
5248
7966
8244
3563
4620
1370
7083
2382
3645
181
4207
2686
4689
9789
4016
8249
6361
1667
2722
9304
782
6642
1945
7930
2223
9245
9872
6713
2213
963
202
9211
4631
6945
3296
4104
8329
5509
8888
3954
2927
6763
566
4853
4960
8518
6093
4989
1094
1788
1678
799
1985
1358
6225
5525
7659
883
8753
8217
2982
224
7426
9084
4594
1398
2750
5348
6811
3800
1804
288
78
6503
4242
5449
7388
6187
4913
8664
7720
6289
3375
9486
1642
1820
6579
4579
998
4841
9944
1774
8054
9811
2708
8478
228
5903
4195
6819
2308
8949
8748
1708
7342
604
4037
5374
5961
6913
8098
557
6195
5076
9161
570
4749
879
1361
8137
7187
5267
9945
2958
4922
9600
6181
6580
3681
3985
6050
9641
4618
83
6779
2106
7826
5888
5540
1174
6364
8923
5796
6945
7548
6154
336
6424
7198
5499
4465
7515
9431
1557
2792
3740
6724
8252
5688
7283
5215
9536
8033
2139
6992
8803
6525
4061
4847
2373
6483
9014
9159
2542
6553
1096
8646
7335
6327
2394
610
1861
215
1069
6262
7571
8024
5372
137
2523
1393
2462
7007
7856
6018
3948
3465
6971
2599
297
7592
6816
4534
787
7967
2701
7063
8885
5910
7535
8867
150
3835
1456
1237
82
9491
6769
3886
5010
9294
9439
7877
6138
7768
4485
6650
9520
2827
2990
1547
9396
7762
2262
416
4192
6217
3468
4769
1485
4512
3126
600
8623
4974
7297
7361
8063
1218
6162
8398
1939
4469
8574
1894
5675
6443
7299
7981
9195
2249
2513
2687
5136
2400
4489
4278
3073
2535
8048
3404
3300
4759
1295
4282
8841
1951
8411
1134
7287
5368
780
5659
1185
7747
4348
4795
1157
9567
9229
5391
4257
3910
7527
2823
4690
4999
5422
8204
9962
3774
1612
9755
1693
1263
5632
4397
5544
6307
2562
2609
8751
4633
5873
3675
5794
6285
5724
4373
9915
8518
473
5427
9558
3176
8229
7493
8557
8330
3305
1286
5231
9507
4197
7698
8317
1998
2363
436
9041
7308
3611
3452
6539
5592
7063
8352
9321
7829
4178
3146
994
4068
9562
2911
2831
7874
6798
4223
3942
3662
2670
8824
7509
1320
3726
5349
344
2837
4358
5300
4662
3871
8041
8437
5726
5594
9984
9023
9562
3969
819
7821
7725
4494
8515
4325
4270
4536
3958
536
9873
4407
4720
5973
2590
9939
1803
8665
6945
6586
4707
4417
4349
7745
5313
4496
2813
8754
7873
4603
2633
1043
5426
4370
9985
5559
377
4473
3753
2222
9330
8565
4817
3448
1973
7410
7136
7270
3281
9792
6621
9249
6440
9983
4889
8964
8070
9983
4284
8180
1358
5866
3690
2433
1939
3357
1042
5828
7312
4705
5619
8712
9974
2536
2395
5029
8848
7667
990
2503
4003
7537
9775
9021
6279
2273
3822
1758
892
5848
2158
150
4427
1182
9762
7565
2219
867
7731
201
141
1823
7440
9690
8132
5559
3363
7363
980
6668
3340
8665
6918
5149
253
2531
4405
5260
3760
9889
6200
9838
5912
2617
2604
12
2051
541
5309
1447
1577
3369
6546
4921
9877
2184
2
7526
7324
6278
6022
2288
4670
9583
4605
7530
2248
966
2166
2820
8836
7987
333
3558
9630
9332
9877
2696
8467
4532
3214
6781
2296
7848
4500
5600
8884
6406
2756
8663
1660
6065
1275
5412
7273
6367
5452
1291
3351
7227
7422
3837
9692
2310
4208
2562
803
9225
8090
8934
213
3093
8529
3546
9540
8283
582
587
3475
4552
3405
1504
3956
4760
1045
6477
4127
4284
968
7748
9308
5670
3248
7899
6958
1968
1444
6472
9084
8572
3070
6089
4013
5366
6699
6993
7968
3030
4462
8797
6645
8130
8753
5668
8826
8640
3545
9100
8230
8345
7556
6202
460
6393
6290
833
1373
2403
8237
6716
3037
450
519
6310
7456
7370
9311
9254
1376
3900
2047
7017
222
7528
4484
8487
9986
5613
219
9800
7585
6460
4021
8127
2603
1307
4695
2596
6045
7445
4352
1712
8473
4942
2407
641
8336
6245
4721
8782
2986
2242
892
1940
5458
3886
5212
5614
6848
5122
5551
3843
8756
1288
8942
2730
1276
5678
5698
7704
7250
3625
2337
6730
4101
4885
1124
3838
6867
5994
1478
2619
3840
1291
4539
4450
2133
377
6490
3820
7191
9652
8361
5298
7971
1553
4723
8812
2372
3222
1033
1793
5472
7650
3138
6717
3221
4251
608
8881
9307
9007
3665
2643
6422
4044
6270
1078
699
7675
7796
261
8940
1798
1820
5113
2546
4763
8809
9771
5222
8440
94
3298
4988
2502
1017
285
7196
2883
6176
7597
9998
5303
9991
8282
2738
1048
8970
550
2937
6137
1933
158
8019
4013
3070
1628
7158
8441
5091
8682
5655
9912
118
3153
1929
8440
5674
9247
8751
353
8504
7463
7263
4982
6555
6722
6790
884
4660
3844
7410
2983
9994
6474
4367
8252
2497
2639
1377
3713
3558
845
587
8009
5877
2304
7242
876
24
7542
8802
8746
3596
4387
1618
7328
7009
4193
3286
3395
9870
7461
1673
3482
4638
1661
1333
2072
9915
1781
6521
3750
3653
4792
821
9920
5439
5492
1653
4102
4375
9366
4872
2802
3392
9909
5964
7833
9102
3914
9799
7370
3533
3853
1988
6324
9741
3163
9577
5445
5806
8227
6593
9980
4117
9808
9035
7328
7336
16
237
1753
716
5748
7638
9116
4936
2624
1599
5397
7797
5938
685
3677
2597
1535
7079
7466
3772
7337
6238
9557
9472
6237
9357
583
5593
9080
5838
461
6500
6298
7111
3259
6106
5859
8239
7037
7480
249
4593
2856
6538
2716
7980
6623
7321
4944
5748
7217
1551
7258
8489
3631
4131
9782
2449
1083
6069
4901
7509
3037
663
7076
9605
8783
9013
295
8057
8744
1923
8740
549
646
2258
6684
7831
2404
4303
9509
304
8619
1368
1522
589
5349
684
7028
562
4652
974
4089
2738
737
7412
5571
6461
2857
6514
7332
4918
8322
9823
5701
671
5299
4193
9798
4723
7665
3770
5519
9376
3550
4142
2469
4512
4971
2895
8121
5778
7215
7863
9930
4570
7888
3473
6059
1601
9341
2549
8447
1642
6238
4862
8960
4467
7683
9018
1566
1236
5274
141
2757
183
3756
8994
9048
6643
2118
7840
3658
4519
9430
2116
683
8656
1435
993
4223
295
7647
816
5866
5610
2945
5653
9432
9157
6890
7089
7145
4781
898
7550
137
1017
7851
2506
2622
2653
8810
3874
1995
7508
8198
1818
9201
9529
2057
1591
9924
4418
419
3194
332
666
5182
1001
5634
314
9277
539
7578
8803
573
9695
5297
7770
5005
2633
2139
8560
6250
3995
8991
8365
4915
3644
3711
9417
9868
4584
687
8342
4237
1844
8998
9102
6682
4732
5058
2724
3278
5051
4694
2025
1776
9253
3791
5262
7304
9124
9412
4305
3275
4958
2139
502
3249
6047
521
7907
2792
9448
1249
8520
833
2388
5438
1513
6297
3811
6380
5321
5602
4565
1664
277
5487
6900
7159
4378
687
3886
2812
6355
3952
7070
643
2643
5557
5334
7891
3212
8594
5979
6545
8970
7812
765
3431
2960
9581
7906
7587
6332
8733
4126
5644
8120
5405
2720
5327
352
3605
7036
7559
1996
6030
817
1771
4665
5169
5398
8306
9688
4029
3286
9793
6130
9752
1028
21
1718
4973
2237
8588
1553
7108
3769
6894
9545
8975
8173
2329
8758
1568
8433
1594
637
4760
5913
4103
2747
8138
3042
4489
1546
494
4714
8615
9475
8002
7900
1549
4208
7195
935
3387
6492
9065
5275
3626
218
9336
2207
5434
1695
3859
9233
2631
4237
8643
2603
5162
9436
4629
1550
3004
1063
7737
8782
7205
2449
5318
1082
2594
9810
6075
3686
2148
690
1121
3479
3333
7856
845
3338
5830
9791
2625
3649
4452
3790
4066
1867
5946
3154
580
671
1599
6499
8401
5221
47
112
1081
7969
6008
2799
7186
6525
8363
4149
7201
9505
9842
2398
9985
6002
9057
7242
3200
724
3429
9397
9162
445
9017
2481
8076
4024
3191
9105
9946
5139
5467
4260
5005
2709
451
4172
596
511
3075
8651
4651
1390
2390
649
3625
7338
7950
2661
307
8895
7932
7477
7502
4901
3371
9883
706
5630
4535
790
5514
891
6939
5394
1303
1787
8072
1405
1444
9026
7041
7527
1573
4737
2051
6133
1720
4600
6147
3778
3870
1637
7983
483
67
2263
1110
9413
5608
3860
6003
2630
7570
2771
724
6620
5116
4182
7930
9174
5927
7528
4409
3021
1873
4415
8559
8006
3587
286
7746
1607
581
4010
9665
5651
7996
2407
60
4660
5108
2622
8880
5924
1448
5405
3962
8056
9390
8875
4973
5178
1808
1942
8927
8593
6229
7227
2589
7071
3342
7905
2255
2231
6012
2051
8711
840
9022
3496
6194
8907
2456
2801
6465
5861
1664
8270
9905
1401
3906
1645
3814
1389
692
4912
8023
7735
4291
4682
3842
1541
1612
54
2736
4278
3431
4131
8979
6583
2925
3504
9420
8253
8794
928
7162
7724
5421
1322
93
8531
3933
1792
8184
3365
3062
3514
5764
3268
8337
5791
129
2859
2641
1583
1111
6728
1274
4095
8347
4404
7836
1393
5518
3297
1517
688
1503
303
7012
6629
5425
394
4673
4505
5063
2964
6843
2008
4635
7738
4513
5502
6718
9382
6034
1441
7753
769
9209
954
6531
6754
9343
9665
2267
4712
1284
9076
4677
3600
4936
3235
2418
739
1700
572
8135
6430
1430
6990
656
8767
9177
3164
5869
2698
6467
6080
1626
9029
3672
5896
573
3222
2203
7506
905
6455
2069
6336
3935
1987
8974
8968
4580
8384
1640
667
5101
2361
1724
3936
150
9142
5532
140
4739
3002
9927
6944
3886
2633
5771
3022
8495
2948
5668
3545
5418
2867
6323
8537
7041
4365
9034
1832
6394
3383
8979
3468
8780
1255
4800
4385
5267
3747
7118
2994
6179
507
3459
5748
2169
224
5830
7392
9660
479
2493
1914
690
7982
2241
8642
5472
8818
9487
5639
1482
8075
4872
9155
5720
492
2935
6279
201
9355
2674
7715
4385
6849
8474
9506
6318
9150
6653
9632
1672
7020
5083
6025
1319
7806
8853
5632
1487
8870
8801
7928
8774
7568
2890
2275
3190
4542
9397
7636
4413
304
430
3027
609
9951
4176
1452
4930
1575
8964
9620
7384
9711
9905
1194
8331
198
5090
230
770
9644
4789
2129
9219
8634
6095
5408
1784
2351
5869
8926
1955
824
8357
4740
7368
7818
779
1592
1449
3567
3679
8480
3151
2523
9044
8625
228
4202
204
3400
829
2105
558
2004
8740
6269
5370
4895
3717
9971
6419
7831
6030
405
1147
8381
7305
1318
7420
7864
8374
2634
1890
4247
9905
2485
1783
5410
1923
4159
8294
1195
4965
2480
3249
7639
6319
558
7326
195
7662
8608
2156
4468
484
4877
2212
5551
8665
4006
4474
2338
3855
4845
4258
4093
3587
1297
9807
2368
7071
551
2294
8979
3757
6246
9138
60
9958
3775
2657
5184
1993
7895
3244
4537
5703
3363
6995
9392
8250
7423
5831
9784
3430
4731
1889
1031
2984
5794
5951
6017
9227
3880
8415
5522
1305
6351
5860
2808
6142
4278
1222
4971
1865
5423
9030
5626
1452
2699
3070
9315
5458
6949
4887
7631
8880
6664
276
5416
5988
9213
1164
2967
42
3381
8293
1886
5214
3295
3836
4031
2587
3334
289
4647
1858
4314
3646
4155
3990
4090
6136
4829
2852
4075
7679
2075
9521
4552
1888
7284
5147
8726
9609
2920
9009
2417
6060
3003
8750
3097
3053
5525
8001
499
3286
8969
7192
7869
7834
9120
3899
9106
5509
8641
1589
2070
7826
1792
4124
7343
5463
1600
1634
7296
6443
3270
5636
9667
9592
3100
8511
641
7979
414
3507
1121
8873
9508
9424
2396
5419
2829
3597
5097
5513
4260
3255
6042
2405
8754
9878
3105
9502
9055
1084
1808
4678
2310
3302
3324
5613
3829
5077
5629
8908
5070
4598
4149
9581
845
9901
6970
9671
7621
6513
8178
8
169
6560
170
7740
1236
2915
5139
2458
4118
5277
4697
4717
1212
5421
161
47
4347
242
3775
7649
5208
1102
9361
9960
1527
4995
5980
8770
1214
5819
3873
9175
388
6916
8395
2474
8396
3991
2071
3341
5112
281
2672
276
3788
7867
4903
3986
9633
8060
7916
9793
9746
3215
3019
1581
422
8023
9541
9391
2746
2238
1562
6728
1482
5333
6864
7859
6220
8566
5523
109
8842
1125
6233
9680
442
1957
5393
2075
8059
1511
3543
3069
7070
3660
9414
2832
4191
9548
4811
8467
8270
6832
9409
8448
4190
5625
655
732
458
9203
9050
6572
5359
4948
4520
2597
1786
9919
3490
2172
8958
9461
6821
3100
3666
9563
8950
2997
6629
8710
7055
7650
1535
963
395
8435
3397
6451
5897
2889
2680
2371
3712
8848
1867
9738
8128
4038
8207
4684
5408
9066
4846
6428
3514
4560
1376
1390
2127
9361
3468
2122
7032
5006
559
7724
5050
9381
3538
8968
6309
5853
2507
8634
3033
7756
1235
6012
8198
6504
8159
4882
479
7705
125
9919
5801
413
4445
7962
3702
8342
7417
1082
5416
8478
1267
7710
6372
8810
9642
5546
1349
973
7559
6988
122
3331
9770
5021
7245
1150
637
4963
3953
2365
2561
2466
5415
3048
4253
3938
9101
3561
3120
7180
9892
3044
2447
4495
2252
7447
3807
5167
9726
5164
2961
4605
5125
9883
5013
5441
3306
6284
28
5123
1883
2507
8526
4762
3032
772
6404
4316
2906
5102
5060
2692
6591
3172
471
7153
6438
846
8264
3403
1827
910
9771
7072
9312
9639
9959
1053
6897
296
4209
1896
1794
6453
71
1722
6431
2438
8470
6938
2160
6521
921
180
5950
2627
8990
7081
8902
6804
2918
3664
202
9209
1897
2970
2190
3978
1076
9603
3046
7315
7712
6645
5433
816
368
1542
7873
1202
7255
1
6466
7774
8707
7842
1157
2389
2858
3627
3793
6030
2191
340
4500
8655
1937
3663
8083
1626
9105
8201
2492
6500
3678
6493
8260
7745
3678
1202
7410
2763
3883
4997
6439
4002
4855
4049
7368
5805
8910
6714
5849
5886
8231
2250
9752
2756
4678
2835
2099
778
9873
707
7143
3101
6285
5989
8311
2506
36
2259
8117
6262
6773
6537
8928
7399
1513
1286
6218
6447
2861
7468
5348
8218
8817
694
3816
7293
3995
3001
8131
5358
5321
5427
3629
4914
6434
6608
854
